0.75	0.625
0.6875	0.625
0.75	0.5625
0.75	0.75
0.8125	0.625
0.6875	0.5625
0.75	0.5625
0.875	0.625
0.8125	0.75
0.8125	0.625
0.6875	0.625
0.75	0.6875
0.8125	0.75
0.75	0.6875
0.8125	0.6875
0.75	0.6875
0.6875	0.625
0.75	0.6875
0.6875	0.75
0.75	0.5625
0.75	0.8125
0.75	0.625
0.75	0.625
0.8125	0.5625
0.8125	0.6875
0.75	0.6875
0.75	0.625
0.75	0.625
0.6875	0.625
0.75	0.625

0.6875	0.5625	7300
0.8125	0.5625	11700
0.75	0.625	24600
0.75	0.75	11400
0.75	0.625	28200
0.75	0.6875	16200
0.75	0.625	16200
0.8125	0.8125	16200
0.75	0.625	11700
0.75	0.625	28200
0.8125	0.75	11400
0.75	0.6875	24600
0.75	0.625	11700
0.75	0.6875	11400
0.75	0.6875	28200
0.75	0.6875	16200
0.8125	0.6875	7300
0.75	0.6875	24600
0.75	0.625	48000
0.75	0.6875	48000
0.75	0.625	48000
0.875	0.5625	11700
0.75	0.8125	11700
0.8125	0.8125	19800
0.8125	0.75	19800
0.6875	0.6875	24600
0.75	0.6875	16200
0.75	0.6875	28200
0.75	0.6875	28200
0.75	0.75	16200
0.75	0.75	28200
0.8125	0.75	11700
0.75	0.625	7300
0.75	0.6875	24600
0.75	0.6875	24600
0.75	0.75	7300
0.6875	0.5	28200
0.75	0.6875	16200
0.6875	0.75	11400
0.75	0.6875	11700
0.8125	0.6875	16200
0.875	0.8125	24600
0.75	0.6875	28200
0.75	0.875	16200
0.8125	0.75	28200
0.75	0.6875	24600
0.75	0.6875	11700
0.6875	0.5625	24600
0.75	0.75	19800
0.8125	0.75	11700
0.8125	0.8125	11400
0.8125	0.625	7300
0.75	0.625	48000
0.75	0.6875	28200
0.75	0.6875	19800
0.75	0.625	28200
0.75	0.75	19800
0.6875	0.75	24600
0.75	0.625	11700
0.8125	0.75	11400
0.75	0.625	28200
0.75	0.75	16200
0.75	0.6875	24600
0.6875	0.6875	48000
0.75	0.6875	28200
0.9375	0.625	48000
0.75	0.6875	7300
0.6875	0.6875	48000
0.75	0.75	19800
0.8125	0.75	19800
0.6875	0.5625	11400
0.8125	0.625	48000
0.6875	0.625	48000
0.75	0.75	24600
0.6875	0.6875	7300
0.75	0.6875	48000
0.8125	0.6875	11400
0.75	0.6875	19800
0.75	0.75	7300
0.75	0.625	48000
0.75	0.625	11700
0.75	0.625	16200
0.6875	0.6875	24600
0.8125	0.6875	28200
0.75	0.625	19800
0.75	0.6875	48000
0.6875	0.625	48000
0.75	0.75	7300
0.75	0.6875	24600
0.75	0.75	11400
0.8125	0.6875	16200
0.75	0.75	16200
0.75	0.625	7300
0.8125	0.625	19800
0.8125	0.625	16200
0.8125	0.6875	48000
0.6875	0.625	11400
0.75	0.6875	19800
0.75	0.75	24600
0.75	0.75	48000
0.75	0.75	11700
0.75	0.75	24600
0.75	0.75	28200
0.75	0.75	24600
0.8125	0.875	11700
0.75	0.75	11700
0.6875	0.6875	7300
0.75	0.6875	28200
0.8125	0.6875	24600
0.75	0.6875	24600
0.6875	0.6875	7300
0.75	0.6875	24600
0.8125	0.625	24600
0.75	0.6875	19800
0.75	0.6875	28200
0.75	0.625	28200
0.75	0.6875	11700
0.75	0.625	11700
0.75	0.6875	48000
0.75	0.6875	11400
0.6875	0.75	24600
0.75	0.5625	19800
0.75	0.8125	11400
0.625	0.5625	11700
0.75	0.6875	7300
0.8125	0.875	19800
0.75	0.75	11400
0.6875	0.5625	28200
0.8125	0.75	7300
0.75	0.6875	48000
0.75	0.625	11400
0.75	0.6875	28200
0.75	0.6875	28200
0.75	0.75	11700
0.75	0.75	48000
0.8125	0.6875	28200
0.75	0.75	16200
0.8125	0.5	11700
0.75	0.6875	19800
0.6875	0.75	7300
0.6875	0.625	7300
0.75	0.6875	11400
0.75	0.625	11400
0.75	0.6875	11700
0.875	0.75	11400
0.6875	0.5625	7300
0.75	0.75	11700
0.75	0.75	11400
0.75	0.6875	19800
0.75	0.5625	28200
0.75	0.75	19800
0.75	0.75	24600
0.6875	0.6875	16200
0.8125	0.625	7300
0.8125	0.6875	16200
0.75	0.6875	11700
0.75	0.625	48000
0.75	0.6875	11700
0.8125	0.75	48000
0.75	0.75	16200
0.8125	0.75	19800
0.75	0.75	16200
0.75	0.75	19800
0.75	0.75	19800
0.75	0.625	19800
0.75	0.625	16200
0.6875	0.5625	19800
0.8125	0.625	28200
0.75	0.75	19800
0.8125	0.75	48000
0.75	0.6875	7300
0.75	0.6875	24600
0.6875	0.625	24600
0.8125	0.6875	11700
0.75	0.6875	11400
0.75	0.6875	16200
0.75	0.8125	48000
0.8125	0.6875	16200
0.6875	0.6875	11400
0.75	0.625	24600
0.75	0.625	48000
0.8125	0.75	11700
0.8125	0.75	48000
0.75	0.625	16200
0.75	0.625	16200
0.75	0.625	11400
0.75	0.6875	24600
0.75	0.6875	7300
0.75	0.75	7300
0.6875	0.75	7300
0.75	0.6875	48000
0.75	0.6875	16200
0.8125	0.75	11400
0.75	0.6875	7300
0.75	0.5625	11400
0.75	0.75	19800
0.75	0.625	11400
0.75	0.625	11400
0.75	0.6875	11700
0.75	0.6875	7300
0.8125	0.75	24600
0.875	0.6875	11700
0.6875	0.6875	19800
0.75	0.625	28200
0.75	0.6875	11700
0.75	0.6875	16200
0.6875	0.75	48000
0.75	0.6875	11400
0.875	0.75	7300
0.6875	0.5625	28200
0.75	0.6875	11400
0.75	0.6875	16200
0.75	0.6875	11400
0.8125	0.6875	7300
0.75	0.625	7300
0.75	0.75	28200
0.8125	0.8125	24600
0.75	0.75	28200
0.75	0.625	28200
0.6875	0.625	19800
0.75	0.6875	19800
0.8125	0.625	48000
0.75	0.625	24600
0.75	0.6875	11400
0.75	0.625	7300
0.875	0.6875	11700
0.6875	0.6875	16200
0.6875	0.5625	16200
0.75	0.6875	19800
0.75	0.5625	16200
0.75	0.75	19800
0.75	0.75	11700
0.6875	0.625	11400
0.75	0.5625	19800
0.75	0.75	7300
0.75	0.75	48000
0.75	0.6875	48000
0.75	0.5625	28200
0.75	0.6875	48000
0.75	0.6875	7300
