0.75	1.0
0.875	1.0
0.8125	1.0
0.6875	0.8125
0.9375	0.875
0.75	0.875
0.9375	1.0
0.875	1.0
0.75	0.875
0.9375	1.0
0.6875	0.9375
0.75	0.9375
0.8125	1.0
0.75	0.9375
0.875	0.9375
0.875	1.0
0.8125	0.9375
0.875	0.9375
0.875	1.0
0.625	0.9375
0.875	1.0
0.6875	0.9375
0.8125	1.0
0.875	0.9375
1.0	1.0
0.625	0.9375
0.6875	0.8125
0.6875	1.0
0.875	0.9375
0.8125	0.875

0.875	1.0	16200
0.875	0.9375	8100
0.75	1.0	3600
0.875	1.0	12000
0.75	0.9375	16900
0.6875	1.0	3600
0.6875	0.9375	15000
0.9375	1.0	16200
0.6875	0.9375	12000
0.9375	0.9375	16900
0.875	0.9375	8100
0.9375	1.0	12300
0.8125	0.9375	3600
0.8125	1.0	3600
0.9375	0.875	19800
0.9375	1.0	18900
0.75	1.0	1800
0.75	0.875	16200
0.875	1.0	18900
0.9375	1.0	16900
0.875	1.0	12300
0.75	0.9375	16200
0.8125	1.0	12300
0.75	0.875	12000
0.875	1.0	1800
0.75	1.0	3600
0.6875	1.0	15000
0.75	0.9375	3600
0.875	0.875	18900
1.0	1.0	18900
0.6875	0.9375	8100
0.75	1.0	15000
0.875	0.9375	12300
0.75	0.875	16200
0.75	0.9375	19800
0.875	0.9375	16900
0.875	0.9375	15000
0.75	1.0	8100
0.875	1.0	16900
0.9375	0.9375	16900
0.875	0.9375	8100
0.6875	0.875	16200
0.8125	0.9375	18900
0.75	0.875	8100
0.8125	0.9375	16200
1.0	0.9375	16200
0.8125	0.9375	8100
1.0	1.0	12300
1.0	1.0	12300
0.9375	1.0	16900
0.8125	1.0	8100
0.625	0.9375	15000
0.8125	0.9375	19800
0.8125	0.9375	16200
0.875	1.0	3600
0.9375	1.0	18900
0.9375	1.0	12000
0.6875	0.9375	18900
0.8125	0.875	15000
0.875	0.9375	12000
0.875	0.9375	18900
0.75	0.875	1800
1.0	0.9375	12300
0.6875	1.0	19800
0.875	1.0	16200
0.75	0.9375	16200
0.8125	0.875	16200
1.0	1.0	16900
0.9375	1.0	15000
0.75	0.9375	8100
0.875	1.0	16200
0.6875	1.0	1800
0.875	1.0	19800
0.9375	1.0	12000
0.8125	0.9375	12000
0.8125	1.0	1800
0.9375	1.0	8100
0.5625	0.875	12300
0.8125	1.0	3600
0.6875	1.0	1800
0.8125	1.0	12300
0.6875	0.9375	8100
0.8125	1.0	8100
0.8125	0.875	16900
0.75	0.9375	12300
0.9375	0.9375	3600
0.8125	0.9375	8100
0.75	1.0	18900
0.8125	1.0	19800
0.75	0.875	1800
0.875	1.0	12300
0.875	1.0	16900
0.75	1.0	19800
0.8125	1.0	15000
0.8125	1.0	16900
0.875	1.0	18900
0.875	1.0	8100
0.6875	0.875	15000
0.6875	1.0	19800
0.9375	1.0	16900
0.875	1.0	3600
0.8125	1.0	19800
0.8125	1.0	12300
0.9375	0.9375	12000
0.875	1.0	12300
0.9375	0.9375	12000
0.75	1.0	8100
0.75	0.9375	8100
0.75	0.9375	16900
0.9375	1.0	16900
0.9375	1.0	18900
0.875	0.9375	16900
0.6875	0.9375	1800
0.6875	0.875	1800
0.6875	0.9375	16900
0.8125	1.0	3600
0.75	0.875	18900
0.8125	1.0	18900
0.75	0.875	8100
0.75	0.9375	19800
0.6875	0.9375	15000
0.875	0.9375	16200
0.75	1.0	1800
0.5625	0.875	15000
0.8125	0.9375	12000
0.75	0.875	19800
0.6875	0.875	16200
0.8125	1.0	12000
0.75	0.9375	3600
0.875	0.9375	8100
0.75	1.0	18900
0.6875	0.9375	12300
0.8125	0.9375	12300
0.875	1.0	16900
1.0	0.9375	1800
0.875	0.9375	12300
0.6875	0.9375	1800
0.875	1.0	16200
0.8125	1.0	16900
0.9375	0.9375	8100
0.6875	0.9375	8100
0.6875	0.9375	3600
0.75	1.0	3600
0.75	0.9375	16900
0.75	0.9375	19800
0.875	0.875	19800
0.75	1.0	12300
0.9375	1.0	15000
0.875	0.9375	8100
0.75	1.0	3600
0.8125	1.0	12000
0.75	0.9375	12300
0.6875	1.0	19800
0.8125	0.875	16900
0.8125	1.0	1800
0.875	1.0	8100
0.9375	1.0	1800
0.9375	1.0	12000
0.6875	0.9375	8100
0.8125	0.9375	16900
0.75	0.9375	18900
0.8125	1.0	1800
1.0	1.0	15000
0.8125	1.0	19800
0.6875	0.875	8100
0.6875	0.9375	8100
0.75	0.9375	12300
0.625	1.0	3600
0.8125	1.0	1800
0.75	1.0	19800
0.8125	0.9375	3600
0.875	0.875	15000
0.8125	1.0	12000
0.875	0.9375	15000
0.875	0.9375	1800
0.9375	1.0	15000
1.0	1.0	16200
0.8125	1.0	12000
0.8125	0.9375	12000
0.875	0.9375	12300
0.875	1.0	16200
0.8125	1.0	19800
0.75	1.0	1800
0.75	0.9375	19800
0.875	0.9375	12000
0.8125	1.0	15000
0.8125	1.0	8100
0.75	0.9375	16900
0.6875	0.8125	8100
0.875	0.875	3600
0.8125	0.9375	19800
0.9375	1.0	18900
0.8125	0.875	12300
0.75	1.0	16200
0.8125	1.0	19800
0.75	0.875	3600
0.8125	1.0	12300
0.875	1.0	12000
0.8125	1.0	16200
0.8125	0.9375	18900
0.75	1.0	18900
0.8125	1.0	12000
0.8125	0.875	16200
0.875	1.0	1800
0.75	0.9375	16900
1.0	1.0	16900
0.6875	0.9375	12300
0.875	1.0	18900
0.75	1.0	8100
0.8125	1.0	12000
0.875	1.0	18900
0.875	0.9375	15000
0.8125	0.875	3600
0.8125	0.9375	16200
0.875	0.875	19800
0.875	0.9375	15000
0.8125	0.9375	19800
0.8125	1.0	3600
0.875	1.0	3600
0.875	0.875	19800
0.8125	1.0	1800
0.75	0.9375	18900
0.875	0.9375	1800
0.8125	1.0	18900
0.6875	1.0	18900
0.9375	1.0	12300
0.8125	0.9375	19800
0.8125	0.9375	19800
0.75	1.0	16900
0.75	0.9375	3600
0.8125	0.9375	12000
0.75	0.9375	16900
0.875	1.0	19800
0.75	1.0	3600
0.875	1.0	12000
0.8125	0.9375	12000
0.875	1.0	15000
0.5	0.9375	12300
0.8125	1.0	12000
0.875	1.0	16900
0.875	0.9375	12300
0.625	1.0	1800
0.8125	1.0	1800
0.875	0.9375	15000
0.8125	0.9375	3600
0.875	0.9375	15000
0.9375	1.0	18900
0.75	0.875	3600
0.8125	0.9375	16200
0.75	0.9375	16900
0.625	0.875	16200
0.75	1.0	15000
0.8125	1.0	16900
0.75	1.0	1800
0.8125	1.0	15000
0.9375	0.875	12300
0.875	0.875	16200
0.875	1.0	16200
0.9375	1.0	12000
0.6875	0.9375	16200
0.75	0.9375	19800
0.875	0.9375	18900
0.875	1.0	12300
0.75	0.9375	12000
0.75	1.0	15000
0.6875	1.0	1800
0.8125	1.0	18900
0.6875	1.0	15000
0.875	0.875	15000
0.75	1.0	15000
0.6875	0.875	12300
0.75	0.9375	8100
0.9375	0.9375	3600
0.8125	1.0	16200
0.9375	1.0	12000
0.8125	0.8125	19800
0.8125	1.0	16200
0.875	1.0	1800
0.75	1.0	15000
0.75	0.9375	16200
0.8125	1.0	18900
0.8125	0.9375	1800
0.8125	0.875	12300
0.8125	0.9375	18900
0.8125	0.9375	12000
0.8125	1.0	15000
0.8125	1.0	12000
0.75	0.875	3600
0.8125	1.0	18900
0.8125	1.0	1800
0.9375	1.0	18900
0.875	1.0	19800
0.8125	1.0	8100
0.75	0.9375	12000
0.875	0.9375	3600
0.9375	1.0	19800
0.8125	0.9375	1800
0.8125	1.0	3600
0.8125	0.9375	1800
0.6875	0.9375	16900
