0.75	1.0
0.875	1.0
0.8125	1.0
0.6875	0.8125
0.9375	0.875
0.75	0.875
0.9375	1.0
0.875	1.0
0.75	0.875
0.9375	1.0
0.6875	0.9375
0.75	0.9375
0.8125	1.0
0.75	0.9375
0.875	0.9375
0.875	1.0
0.8125	0.9375
0.875	0.9375
0.875	1.0
0.625	0.9375
0.875	1.0
0.6875	0.9375
0.8125	1.0
0.875	0.9375
1.0	1.0
0.625	0.9375
0.6875	0.8125
0.6875	1.0
0.875	0.9375
0.8125	0.875

0.875	1.0	1320
0.8125	0.9375	480
0.8125	1.0	180
0.75	0.8125	1320
0.875	1.0	1740
0.875	0.9375	180
0.75	1.0	1740
0.8125	0.9375	780
0.625	0.875	780
0.875	1.0	1380
0.75	1.0	1740
0.6875	0.9375	1440
0.8125	0.9375	1440
0.8125	1.0	1620
0.625	1.0	1380
0.6875	0.9375	1800
0.8125	1.0	480
0.75	1.0	1800
0.8125	0.9375	180
0.875	1.0	780
0.8125	1.0	1620
0.875	0.9375	1560
0.9375	0.9375	1320
0.875	0.9375	1620
0.75	0.875	1560
0.75	1.0	1560
0.75	0.9375	1440
0.6875	1.0	1320
0.875	1.0	1620
0.75	1.0	1560
0.9375	1.0	1440
0.75	0.9375	1740
0.8125	0.9375	180
0.8125	1.0	1380
0.75	1.0	480
0.9375	1.0	1800
0.8125	0.9375	480
0.625	0.8125	1800
0.875	1.0	1380
0.6875	0.8125	780
