0.8125	1.0
0.75	1.0
0.75	1.0
0.9375	1.0
0.8125	1.0
0.75	1.0
0.8125	1.0
0.8125	1.0
0.875	1.0
0.9375	1.0
0.8125	1.0
0.8125	1.0
0.875	1.0
0.875	1.0
0.6875	1.0
0.6875	1.0
0.6875	1.0
0.6875	1.0
0.75	1.0
0.875	1.0
0.6875	1.0
0.6875	1.0
0.9375	1.0
0.5625	1.0
0.875	1.0
0.875	1.0
0.9375	1.0
0.75	1.0
0.875	1.0
0.875	1.0

0.8125	1.0	0
0.9375	1.0	11
0.6875	1.0	3
0.6875	1.0	6
0.875	1.0	11
0.6875	1.0	13
0.875	1.0	7
0.9375	1.0	7
0.9375	1.0	13
0.8125	1.0	1
0.75	1.0	12
0.9375	1.0	1
0.6875	1.0	11
0.8125	1.0	6
0.875	1.0	17
0.875	1.0	5
0.875	1.0	12
0.8125	1.0	5
0.75	1.0	3
0.8125	1.0	17
0.75	1.0	11
0.875	1.0	0
0.6875	1.0	1
0.75	1.0	12
0.875	1.0	0
0.8125	1.0	7
0.75	1.0	5
0.75	1.0	5
0.6875	1.0	12
0.625	1.0	17
1.0	1.0	7
0.9375	1.0	17
0.75	1.0	3
0.6875	1.0	6
0.9375	1.0	0
0.8125	1.0	1
0.875	1.0	13
0.75	1.0	13
0.875	1.0	3
0.8125	1.0	6
