0.8125	1.0
0.75	1.0
0.75	1.0
0.9375	1.0
0.8125	1.0
0.75	1.0
0.8125	1.0
0.8125	1.0
0.875	1.0
0.9375	1.0
0.8125	1.0
0.8125	1.0
0.875	1.0
0.875	1.0
0.6875	1.0
0.6875	1.0
0.6875	1.0
0.6875	1.0
0.75	1.0
0.875	1.0
0.6875	1.0
0.6875	1.0
0.9375	1.0
0.5625	1.0
0.875	1.0
0.875	1.0
0.9375	1.0
0.75	1.0
0.875	1.0
0.875	1.0

0.9375	1.0	280
0.75	1.0	122
0.5	1.0	12
0.9375	1.0	120
0.9375	1.0	0
0.9375	1.0	108
0.875	1.0	280
0.875	1.0	174
0.6875	1.0	108
0.6875	1.0	288
0.875	1.0	108
0.8125	1.0	6
0.6875	1.0	108
0.75	1.0	174
0.75	1.0	6
0.75	1.0	288
0.6875	1.0	6
0.9375	1.0	120
0.75	1.0	288
0.9375	1.0	120
0.75	1.0	6
0.875	1.0	174
0.375	0.5	118
0.5625	1.0	122
0.875	1.0	108
1.0	1.0	120
0.75	1.0	108
0.9375	1.0	118
0.8125	1.0	120
0.875	1.0	0
0.875	1.0	6
0.6875	1.0	0
0.75	1.0	288
0.5625	0.75	118
0.75	1.0	174
0.875	1.0	120
0.75	1.0	280
0.9375	1.0	120
0.8125	1.0	12
0.6875	1.0	6
0.75	1.0	280
1.0	1.0	108
0.875	1.0	0
0.9375	1.0	280
1.0	1.0	122
0.8125	1.0	6
0.6875	1.0	108
0.5	0.5	118
0.8125	1.0	174
0.875	1.0	0
1.0	1.0	120
1.0	1.0	288
0.8125	1.0	6
1.0	1.0	280
0.8125	1.0	0
0.75	1.0	108
0.6875	1.0	12
0.875	1.0	120
0.5625	1.0	0
0.875	1.0	12
0.5	1.0	6
0.875	1.0	0
0.5625	0.8125	118
0.8125	1.0	6
0.9375	1.0	174
0.6875	1.0	288
0.5625	0.75	118
0.875	1.0	174
0.625	1.0	174
0.75	1.0	120
0.8125	1.0	0
0.875	1.0	120
0.625	1.0	108
0.9375	1.0	12
0.8125	1.0	122
0.6875	1.0	120
0.9375	1.0	174
0.4375	1.0	174
0.6875	1.0	174
0.4375	0.5	118
0.625	1.0	120
0.9375	1.0	280
0.625	1.0	12
0.6875	1.0	174
0.75	1.0	6
0.875	1.0	174
0.875	1.0	288
0.8125	1.0	6
1.0	1.0	280
0.75	1.0	12
0.3125	0.5	118
1.0	1.0	120
0.8125	1.0	108
0.9375	1.0	120
0.625	1.0	288
0.875	1.0	12
0.75	1.0	118
0.75	1.0	108
0.875	1.0	0
0.9375	1.0	0
1.0	1.0	108
0.4375	0.5	118
0.8125	1.0	122
0.6875	1.0	174
0.9375	1.0	6
0.875	1.0	280
0.6875	1.0	174
0.75	1.0	174
0.875	1.0	122
0.75	1.0	288
0.9375	1.0	122
0.875	1.0	288
0.625	0.75	118
0.8125	1.0	120
0.75	1.0	0
1.0	1.0	120
0.875	1.0	288
0.6875	1.0	120
1.0	1.0	280
0.625	1.0	108
0.8125	1.0	122
0.8125	1.0	120
0.875	1.0	280
0.875	1.0	108
0.9375	1.0	122
1.0	1.0	280
0.75	1.0	118
0.5625	0.75	118
0.875	1.0	288
0.75	1.0	0
0.9375	1.0	122
0.5	0.75	118
0.8125	1.0	122
0.9375	1.0	6
0.625	1.0	0
0.9375	1.0	288
0.875	1.0	0
0.625	1.0	108
1.0	1.0	0
0.9375	1.0	280
0.75	1.0	120
0.6875	1.0	122
0.75	1.0	288
0.6875	0.75	118
0.875	1.0	288
0.875	1.0	174
0.6875	1.0	108
0.4375	0.5	118
0.875	1.0	120
1.0	1.0	122
0.75	1.0	122
0.75	1.0	120
0.75	1.0	120
0.8125	1.0	6
1.0	1.0	122
0.9375	1.0	174
0.625	0.75	118
1.0	1.0	280
0.9375	1.0	280
0.9375	1.0	120
0.75	1.0	108
0.875	1.0	6
0.9375	1.0	12
0.875	1.0	120
0.4375	0.5	118
0.6875	1.0	120
0.8125	1.0	288
0.625	0.75	118
0.5625	0.75	118
0.875	1.0	108
0.6875	0.75	118
0.8125	1.0	120
1.0	1.0	280
0.875	1.0	0
0.875	1.0	0
0.75	1.0	6
0.9375	1.0	280
0.9375	1.0	174
0.875	1.0	288
0.75	1.0	12
0.8125	1.0	288
1.0	1.0	280
0.8125	1.0	12
0.8125	1.0	6
0.8125	1.0	280
0.9375	1.0	280
0.75	1.0	12
0.6875	1.0	288
0.75	1.0	12
0.6875	1.0	122
0.8125	1.0	108
0.875	1.0	6
0.8125	1.0	174
0.875	1.0	6
0.9375	1.0	122
0.875	1.0	174
0.8125	1.0	174
0.9375	1.0	0
0.875	1.0	108
0.9375	1.0	0
0.8125	1.0	12
0.5625	1.0	288
1.0	1.0	280
0.9375	1.0	280
0.875	1.0	174
0.625	1.0	122
0.9375	1.0	280
0.875	1.0	12
0.875	1.0	12
0.75	1.0	280
0.6875	0.75	118
0.875	1.0	288
0.75	1.0	280
0.9375	1.0	12
0.875	1.0	174
1.0	1.0	120
0.9375	1.0	108
0.9375	1.0	122
1.0	1.0	122
0.75	1.0	6
0.8125	1.0	12
0.8125	1.0	174
0.75	1.0	0
0.75	1.0	108
0.6875	0.75	118
0.8125	1.0	0
0.625	0.75	118
0.75	1.0	6
0.875	1.0	288
0.75	1.0	122
1.0	1.0	288
0.625	1.0	122
0.625	1.0	12
0.8125	1.0	108
0.8125	1.0	174
0.875	1.0	280
1.0	1.0	120
0.875	1.0	0
1.0	1.0	288
0.75	1.0	12
0.8125	1.0	108
0.875	1.0	122
0.75	1.0	288
0.8125	1.0	108
0.625	0.75	118
0.8125	1.0	288
0.9375	1.0	280
1.0	1.0	280
0.8125	1.0	288
0.6875	1.0	280
0.6875	0.75	118
0.875	1.0	6
0.9375	1.0	174
0.875	1.0	6
0.9375	1.0	0
0.9375	1.0	288
0.8125	1.0	0
0.875	1.0	12
0.875	1.0	280
0.75	1.0	6
0.9375	1.0	108
0.9375	1.0	122
0.875	1.0	6
0.875	1.0	12
0.75	1.0	0
0.75	1.0	6
0.8125	1.0	0
0.875	1.0	12
0.5	0.75	118
0.75	1.0	0
0.75	1.0	6
0.875	1.0	288
0.625	1.0	174
0.8125	1.0	108
1.0	1.0	122
0.9375	1.0	12
0.6875	0.75	118
1.0	1.0	122
0.625	1.0	118
0.8125	1.0	12
1.0	1.0	122
1.0	1.0	0
0.6875	1.0	6
0.75	1.0	12
0.8125	1.0	288
0.9375	1.0	108
0.875	1.0	12
0.8125	1.0	12
0.9375	1.0	174
0.6875	1.0	122
0.875	1.0	108
0.8125	1.0	6
0.6875	1.0	174
0.8125	1.0	12
0.5625	0.75	118
0.6875	1.0	0
1.0	1.0	122
0.75	1.0	12
1.0	1.0	122
1.0	1.0	120
